DIM = 2 2 2
PRIMITIVE_AXIS = 1.0 0.0 0.0  0.0 1.0 0.0  0.0 0.0 1.0
BAND =    0.0000000000     0.0000000000     0.0000000000        0.5000000000     0.0000000000     0.0000000000        0.5000000000     0.0000000000     0.5000000000       0.0000000000     0.0000000000     0.0000000000        0.5000000000     0.5000000000     0.5000000000       0.5000000000     0.0000000000     0.0000000000
BAND_LABELS = \Gamma  X  M \Gamma R X
BAND_POINTS = 101
FC_SYMMETRY = 1
FREQUENCY_CONVERSION_FACTOR = 15.633302
MP = 41 41 41
DOS = TRUE
FPITCH = 0.1
SIGMA = 0.1
