DIM = 2 2 2
PRIMITIVE_AXIS = 1.0 0.0 0.0  0.0 1.0 0.0  0.0 0.0 1.0
BAND = 0.0000000000     0.0000000000     0.0000000000        0.2500000000     0.6250000000     0.6250000000        0.0000000000     0.5000000000     0.5000000000        0.0000000000     0.0000000000     0.0000000000        0.5000000000     0.5000000000     0.5000000000        0.5000000000     0.0000000000     0.5000000000        0.5000000000     0.2500000000     0.7500000000        0.5000000000     0.5000000000     0.5000000000
BAND_LABELS = \Gamma K X \Gamma L X W L
BAND_POINTS = 301
FC_SYMMETRY = 1
FREQUENCY_CONVERSION_FACTOR = 521.47083
MP = 61 61 61
DOS = TRUE
FPITCH = 0.1
SIGMA = 1.0
